 157614  103
 156484  122
 157404  680
 157893  467
 158223  207
 157061  312
 157374  952
 404  681
 1512  165
 2431  784
 1514  509
 158484  119
 1942  746
 158191  102
 904  195
 157042  100
 2211  330
 2093  520
 2522  227
 156544  290
 156784  450
 1614  760
 157221  88
 158091  375
 158794  149
 1981  608
 158282  265
 824  85
 158274  204
 157641  73
 157014  90
 158502  325
 2083  566
 157432  132
 1353  630
 1011  93
 157834  308
 1014  193
 158393  134
 158364  114
 1871  84
 156771  146
 1624  98
 2513  121
 363  365
 2292  65
 157652  250
 1644  60
 2481  43
 158823  457
 2512  48
 211  78
 157073  598
 2153  738
 1542  632
 157323  24
 157633  568
 1081  632
 158382  389
 156732  32
 2173  36
 158134  61
 157712  701
 2364  36
 1511  323
 2483  434
 3174  407
 484  312
 158654  223
 2423  662
 156242  558
 156641  82
 2242  1080
 482  322
 744  62
 158564  414
 156613  95
 234  59
 156311  375
 44  51
 1553  135
 158303  82
 157364  731
 156453  884
 157774  1171
 1021  63
 1054  62
 1193  468
 781  556
 653  110
 156364  363
 1722  79
 156491  647
 173  3184
 158801  62
 1283  245
 157053  146
 156533  61
 158454  33
 382  599
 1032  90
 158664  750
 2492  187
 158103  273
 1113  46
 932  58
 2321  179
 691  112
 156501  146
 156452  320
 2202  167
 158002  252
 342  1094
 158163  137
 1593  330
 73  128
 2001  154
 156352  119
 711  316
 157753  437
 853  38
 157254  137
 2472  812
 158552  89
 1823  269
 1092  766
 156144  62
 158513  53
 362  543
 2501  237
 1734  180
 1591  146
 1444  303
 279411  815
 103  192
 157063  204
 863  669
 158233  410
 3141  283
 156362  79
 1631  35
 157921  74
 158554  204
 1602  114
 1013  88
 157064  69
 321  218
 158804  718
 3144  320
 2433  67
 157543  429
 158342  116
 158493  108
 3021  77
 551  125
 102  64
 201  444
 158684  684
 553  252
 733  434
 157752  402
 156511  430
 171  64
 157693  96
 156893  39
 158192  255
 158714  700
 1381  151
 2271  82
 158644  543
 156441  301
 157832  101
 774  428
 158412  141
 156954  224
 1822  301
 158802  51
 322  94
 158472  478
 2534  479
 157163  269
 982  88
 158284  105
 291  542
 2504  699
 156381  84
 158122  459
 158344  380
 157642  142
 1001  367
 892  50
 156463  801
 158263  187
 157111  118
 311  247
 156842  94
 157194  679
 1264  732
 1543  339
 157213  108
 158261  70
 157422  506
 156813  463
 157513  134
 158774  117
 561  42
 157472  58
 158663  759
 157541  51
 156713  223
 156464  393
 2452  36
 157812  190
 454  128
 2523  51
 1684  658
 158543  67
 1154  214
 2263  178
 2462  213
 157634  436
 157713  298
 1964  67
 2354  68
 33  160
 156513  143
 157443  131
 1503  106
 157384  493
 156642  145
 158973  662
 156344  53
 1271  115
 157054  53
 158672  78
 158681  93
 158604  118
 264  809
 158962  398
 156783  251
 158761  145
 158314  83
 472  195
 144  580
 156421  22
 158453  614
 158053  127
 158821  582
 156251  1001
 1343  146
 411  110
 832  45
 158041  590
 162  187
 156303  964
 1943  38
 156213  86
 62  193
 158954  402
 157264  765
 1524  112
 157551  154
 2133  32
 158352  776
 1812  270
 714  1634
 158592  337
 157971  57
 158551  93
 2052  280
 501  304
 157961  485
 2281  195
 1962  88
 464  113
 2553  208
 157931  62
 158561  73
 1533  834
 156922  508
 1181  94
 157083  428
 1262  1123
 156941  55
 983  86
 2194  85
 1494  38
 156331  225
 1604  74
 157022  218
 241  1422
 3014  83
 156482  450
 157444  170
 2414  150
 158362  126
 157624  67
 157901  63
 158021  60
 2324  130
 158281  213
 158763  67
 156401  817
 112  507
 1521  457
 2172  64
 157731  111
 2394  553
 3013  439
 582  775
 1244  46
 156333  827
 156503  555
 984  62
 682  70
 158634  591
 158023  51
 1632  497
 156162  155
 157461  881
 413  343
 156582  921
 157863  90
 124  748
 2514  28
 157414  93
 131  66
 611  1461
 157704  285
 14  30
 157162  311
 864  99
 64  74
 2074  133
 1534  296
 814  60
 1814  48
 2193  279
 1961  67
 157023  426
 156314  115
 504  131
 157412  99
 158694  620
 156593  402
 156574  1247
 242  351
 2091  106
 1302  34
 156694  631
 434  59
 862  551
 634  250
 156854  433
 157281  385
 1074  162
 158411  128
 2191  244
 156952  210
 157481  66
 1022  156
 1544  443
 2293  129
 156714  292
 157621  77
 1211  141
 1432  631
 2023  137
 2024  50
 1864  146
 157772  975
 113  488
 811  820
 381  174
 204  319
 158301  79
 157773  559
 156604  776
 1834  110
 156462  688
 157983  429
 122  726
 157603  230
 1501  123
 156782  31
 782  82
 157554  1965
 1  774
 84  70
 2224  49
 156864  385
 483  135
 158532  90
 157784  295
 157933  24
 157534  230
 157822  216
 2543  424
 156583  779
 751  51
 1104  278
 1253  137
 156402  239
 1643  102
 156841  285
 1002  398
 1724  132
 156461  1000
 156761  353
 702  90
 602  1408
 2552  50
 157021  125
 156833  180
 158381  663
 1813  64
 1583  519
 158764  23
 1122  79
 2304  190
 1581  327
 1404  375
 2404  110
 157132  78
 157672  282
 157852  156
 157762  772
 157873  87
 157454  179
 1024  162
 833  657
 156174  524
 1651  748
 156353  229
 158154  467
 157793  315
 156892  90
 156974  237
 157903  31
 334  614
 2051  637
 158414  747
 1223  413
 741  786
 157584  557
 157581  222
 156562  462
 158132  85
 156791  566
 961  198
 1852  100
 157043  361
 3173  307
 157743  108
 158743  633
 271  532
 1742  156
 156514  170
 156483  508
 157553  870
 1111  30
 2314  70
 158861  462
 157242  506
 164  88
 156964  201
 156652  123
 157714  672
 1323  128
 872  416
 158503  557
 2361  177
 182  57
 1531  573
 157094  68
 1552  639
 511  91
 157791  253
 156781  47
 1254  398
 157952  606
 1784  1094
 158541  358
 704  1161
 2342  71
 157622  64
 158182  247
 951  108
 157763  342
 158343  347
 156173  33
 2482  136
 157062  120
 157764  1592
 157711  367
 1311  31
 157741  133
 1893  36
 279413  729
 156962  306
 158693  1498
 158723  314
 194  336
 2322  390
 156351  822
 156673  64
 158422  505
 2021  498
 1733  110
 158114  400
 1241  57
 157721  95
 943  70
 156661  94
 1252  296
 352  44
 157804  460
 157744  104
 2544  743
 1842  106
 41  156
 156472  726
 1314  112
 1061  169
 2291  47
 156682  72
 2562  139
 157724  106
 823  125
 1874  53
 2363  436
 1093  286
 114  432
 158392  66
 2413  232
 158793  106
 156983  595
 157272  161
 104  207
 158512  61
 914  540
 156261  583
 2112  101
 563  68
 157894  616
 156341  55
 323  289
 158452  47
 157572  356
 3023  153
 2183  744
 964  101
 1482  76
 2162  511
 156532  96
 1841  83
 157911  527
 284  112
 1991  108
 1754  377
 1071  321
 158152  280
 157811  362
 512  105
 1504  98
 158812  444
 881  53
 279414  415
 1752  453
 861  373
 158241  90
 156773  376
 43  45
 1811  82
 157233  144
 613  497
 423  345
 1794  366
 1333  238
 157084  52
 61  405
 157451  114
 156723  524
 157413  75
 158683  60
 21  503
 157582  144
 156323  428
 157112  235
 754  84
 157243  493
 158172  157
 157121  40
 2402  87
 572  169
 157081  313
 383  510
 158841  170
 412  448
 2241  179
 157912  419
 158964  123
 1033  97
 157992  186
 157001  105
 3163  118
 157192  1082
 156744  213
 91  622
 1633  515
 157003  98
 158612  57
 156871  39
 2131  105
 156801  678
 158104  198
 1131  391
 3162  179
 157292  540
 24  75
 158942  621
 279423  420
 158941  570
 157201  1144
 157594  325
 922  117
 157733  107
 157941  23
 157074  546
 1393  401
 991  77
 1882  458
 158951  155
 642  553
 158062  70
 934  211
 1831  288
 871  722
 156683  223
 562  113
 111  516
 2243  707
 1884  130
 157294  645
 1243  368
 158184  101
 158531  90
 156454  73
 156894  109
 156534  635
 1944  168
 156712  362
 157214  179
 157251  424
 158591  442
 2401  257
 1692  496
 1564  593
 1584  29
 158631  677
 1642  30
 1034  58
 2032  140
 1354  292
 622  99
 2163  950
 158181  78
 822  181
 157302  370
 157643  1226
 1712  418
 1251  52
 534  126
 158404  208
 1304  59
 158384  263
 1214  793
 1072  116
 1313  84
 1702  45
 158424  282
 157821  146
 2123  112
 156332  244
 393  92
 157783  546
 156982  74
 1292  122
 157304  637
 1801  652
 473  746
 1664  264
 1082  248
 156391  657
 2411  153
 1802  321
 156933  44
 2421  713
 158313  135
 2244  191
 157273  159
 158524  471
 157403  226
 157943  52
 1762  98
 403  482
 1063  494
 157344  276
 158064  288
 156994  502
 1402  413
 1481  139
 157563  771
 157881  427
 621  111
 158662  901
 157114  182
 2044  101
 157182  1922
 1031  179
 1192  344
 158271  649
 1464  429
 1532  432
 121  125
 156571  411
 157191  700
 764  576
 156863  175
 157223  100
 1232  437
 2352  105
 684  105
 1844  230
 303  86
 1191  212
 2114  214
 157502  429
 156413  28
 703  122
 2554  66
 156614  86
 157882  357
 158704  295
 1421  72
 156961  477
 1133  405
 1502  63
 1704  211
 156521  36
 156194  791
 157203  342
 158622  100
 193  726
 2473  431
 158353  550
 157521  108
 156861  419
 158544  573
 158782  324
 681  107
 158212  146
 1562  285
 158514  671
 157122  40
 158072  66
 156493  596
 157394  426
 157353  990
 882  93
 1433  211
 158354  449
 1091  128
 923  82
 1603  117
 844  682
 158143  53
 157284  40
 1174  543
 158063  134
 1881  414
 156693  576
 1921  1074
 851  514
 157411  131
 157993  137
 156373  331
 156812  500
 394  44
 157482  719
 843  742
 158294  721
 344  161
 1442  1271
 156984  395
 1132  643
 83  137
 158724  651
 279422  659
 157884  156
 156884  186
 156902  385
 332  143
 158573  316
 157864  97
 158334  98
 1973  97
 157143  18
 158471  691
 158092  278
 542  951
 924  90
 157994  360
 158391  476
 972  800
 158601  104
 1362  135
 1711  735
 158501  352
 158434  1007
 156254  343
 156393  141
 156554  59
 1992  166
 157231  118
 2142  105
 157431  87
 157041  58
 1123  416
 156322  925
 1622  81
 1094  294
 158442  579
 156951  287
 1573  248
 156294  328
 157313  69
 157103  182
 156273  36
 372  811
 2272  74
 156563  315
 601  630
 1931  146
 157824  100
 157322  64
 444  465
 157794  334
 157942  25
 157032  135
 156691  389
 13  20
 1621  122
 592  209
 231  54
 663  466
 994  71
 1351  787
 1051  68
 1804  411
 1854  479
 3143  607
 158031  132
 157974  961
 1273  306
 1483  158
 272  1120
 158464  132
 3133  113
 1172  321
 156943  757
 156821  46
 192  37
 158481  123
 474  508
 1773  57
 1934  693
 157352  698
 156603  654
 156912  104
 156633  145
 1281  259
 158853  950
 157381  687
 157982  451
 224  70
 158174  116
 671  18
 1371  107
 2511  322
 158032  1045
 2092  282
 564  692
 461  88
 1263  1067
 158351  990
 157561  971
 141  567
 157813  138
 2101  418
 157153  312
 913  731
 1764  137
 2334  71
 157854  117
 1953  238
 156643  351
 156904  34
 156154  96
 1352  501
 156881  524
 158044  66
 1411  309
 1952  540
 157761  699
 158022  236
 158302  87
 274  510
 158312  198
 2531  144
 156663  151
 1162  34
 158792  40
 157673  150
 156711  99
 1202  136
 662  247
 157934  36
 521  61
 1361  739
 157193  314
 158661  346
 1682  161
 157872  105
 1744  154
 2381  51
 158273  378
 156803  55
 432  381
 1663  931
 1423  79
 156624  245
 157212  1042
 156701  341
 157211  684
 2464  78
 2204  163
 1151  329
 63  344
 151  194
 158034  526
 158061  98
 156383  59
 1161  45
 701  93
 158203  311
 158283  441
 304  224
 773  399
 157954  298
 294  115
 158491  115
 156163  193
 1394  123
 1301  56
 184  357
 156371  512
 1902  37
 156851  821
 157973  62
 1084  568
 158423  705
 891  43
 2212  424
 364  334
 2223  121
 156512  172
 158583  618
 2341  91
 2232  28
 1913  64
 2503  528
 157972  58
 158074  49
 1231  178
 1554  259
 158133  48
 156674  46
 157252  581
 1984  380
 157963  531
 1461  510
 156702  125
 1492  104
 158971  526
 157564  414
 1112  67
 157803  209
 1434  218
 156573  898
 1792  213
 1324  56
 156971  300
 158872  79
 3153  282
 156481  37
 158511  78
 157484  118
 1261  757
 1462  434
 156792  419
 158523  597
 156623  109
 514  88
 1321  92
 2312  211
 158123  740
 157862  277
 157421  66
 156611  317
 158643  370
 1732  146
 593  189
 157362  404
 874  883
 1044  53
 156672  198
 158403  589
 2444  385
 1701  62
 302  98
 158101  279
 156263  259
 157802  221
 1322  395
 2502  64
 281  964
 414  428
 2233  359
 158213  77
 343  481
 254  165
 273  381
 221  88
 157474  72
 2484  115
 156731  142
 2344  257
 591  189
 158361  89
 2494  281
 1963  92
 157644  809
 157823  573
 1424  102
 157861  151
 1912  218
 156804  111
 157072  57
 156832  74
 156272  41
 157452  317
 157334  312
 157152  157
 157681  435
 156292  369
 156662  90
 161  940
 1012  51
 157321  128
 1933  87
 451  133
 32  104
 157702  400
 156223  193
 1672  409
 157512  84
 157981  670
 471  419
 157604  185
 421  717
 157174  91
 142  504
 1062  260
 1142  121
 644  80
 158084  66
 158401  423
 156552  1388
 157851  112
 156764  500
 172  68
 442  105
 156741  156
 158741  719
 158944  564
 157051  108
 156754  116
 1272  110
 502  96
 3142  484
 156934  734
 156433  153
 157591  186
 1741  518
 1872  696
 156384  68
 157734  103
 2013  1811
 156653  112
 156802  95
 1454  484
 2053  766
 156172  469
 1064  507
 157754  76
 158331  227
 301  291
 42  77
 1932  263
 158073  45
 157814  331
 1901  38
 157683  59
 156794  58
 157613  80
 1422  66
 901  501
 157902  46
 158141  209
 157612  27
 156543  236
 158781  331
 1774  251
 156762  256
 232  68
 158494  118
 673  1365
 1703  218
 261  780
 156632  29
 132  53
 158542  477
 156671  53
 1522  180
 2453  199
 243  301
 158131  93
 158842  30
 156202  1673
 158304  223
 157682  264
 156873  289
 772  96
 158771  152
 543  789
 156253  716
 156944  435
 158432  114
 158831  557
 2203  98
 157392  55
 156283  1499
 158822  68
 2463  365
 157031  97
 156321  88
 158692  736
 158572  1439
 158151  1192
 1383  563
 944  106
 783  157
 1164  322
 424  263
 158262  653
 354  857
 158722  512
 158553  1065
 712  456
 1694  823
 351  86
 158623  250
 571  1302
 158121  424
 2451  139
 156432  24
 158341  121
 156161  84
 158624  179
 1892  154
 1124  504
 158443  671
 158843  580
 3  703
 1312  72
 2151  971
 722  440
 2073  385
 401  849
 156824  90
 157473  138
 2063  489
 156284  714
 834  871
 1851  67
 158851  845
 156233  103
 158291  1718
 156241  1669
 156451  590
 443  149
 212  262
 743  437
 158083  107
 156751  177
 157123  46
 156324  260
 1761  113
 158363  116
 1903  52
 183  377
 3134  328
 2374  70
 157892  625
 2384  301
 157962  134
 157104  432
 156991  840
 3164  90
 156403  1251
 2403  91
 842  509
 156434  270
 156901  576
 157303  502
 158784  1027
 771  360
 2273  77
 793  533
 156831  171
 2261  247
 157151  662
 157694  73
 156811  633
 631  419
 156564  338
 156793  254
 1904  107
 157463  452
 156204  1099
 156274  118
 156844  83
 158421  699
 1403  660
 643  75
 158522  527
 503  148
 158052  168
 279424  523
 156471  491
 157424  423
 531  313
 1213  621
 156542  860
 156524  177
 158024  112
 158521  724
 633  393
 2383  300
 157932  51
 156193  318
 2072  217
 158431  77
 158441  142
 157351  417
 158054  59
 156181  114
 293  74
 158383  66
 158772  129
 674  289
 2264  265
 157372  639
 156531  103
 158773  34
 156601  316
 723  325
 157583  109
 1873  39
 157924  61
 158731  805
 463  245
 157904  35
 156973  67
 1201  92
 1144  80
 157343  549
 156411  651
 1721  122
 651  495
 1413  450
 251  1056
 893  393
 158754  63
 157801  78
 156222  714
 2033  39
 762  81
 2533  161
 262  406
 156394  686
 158001  247
 2132  35
 1183  72
 1222  234
 158674  877
 672  129
 156211  340
 158593  263
 157831  195
 1592  168
 158113  279
 157462  247
 604  49
 2011  784
 156572  1415
 156654  402
 1364  489
 156153  170
 157792  112
 158322  158
 158011  697
 156231  117
 2441  431
 158652  154
 157133  96
 156334  666
 157033  329
 792  294
 244  25
 724  426
 156522  147
 158702  563
 158711  167
 158013  588
 53  112
 157493  35
 2064  553
 158413  56
 854  310
 156301  682
 157262  402
 2002  147
 361  432
 2332  44
 156443  316
 158863  408
 156664  103
 158321  263
 1662  174
 791  38
 2371  45
 1042  414
 763  72
 453  166
 158713  814
 157662  276
 157442  326
 2353  175
 1681  683
 158093  220
 2351  98
 157354  439
 157871  104
 158852  1350
 753  91
 157674  690
 157703  430
 203  50
 158952  114
 1821  74
 158252  69
 953  99
 1284  77
 158162  192
 157573  474
 541  876
 157181  229
 2461  132
 156692  505
 158153  78
 158571  270
 156553  60
 1954  348
 157552  211
 157722  101
 742  411
 2283  108
 156743  70
 1294  90
 1053  32
 157781  717
 156412  868
 2174  49
 2432  75
 158222  113
 157171  85
 156221  393
 71  226
 333  377
 157382  531
 452  61
 1541  671
 1723  126
 158811  712
 158703  487
 2152  734
 2254  76
 158204  47
 1374  117
 157874  88
 158721  682
 1431  77
 157592  48
 353  583
 1923  536
 1653  411
 157601  173
 156423  360
 993  77
 158953  146
 2561  253
 2042  632
 921  313
 157433  133
 156763  229
 156634  86
 1234  404
 2111  260
 283  194
 156404  79
 72  44
 1683  509
 1114  121
 157494  95
 156963  262
 157944  578
 1974  66
 2274  80
 2041  118
 3132  99
 693  129
 574  1160
 158701  531
 1153  248
 1491  89
 156282  839
 22  500
 2442  371
 158483  27
 158463  471
 156853  768
 157441  525
 2262  82
 156953  170
 2121  80
 158193  115
 2391  169
 911  106
 2422  1898
 158563  1157
 156551  808
 158671  620
 54  42
 2471  147
 158752  128
 158231  70
 2302  378
 156304  239
 157261  312
 1772  198
 156561  3131
 1634  591
 1203  153
 1373  70
 158051  267
 1392  154
 981  48
 632  443
 157244  97
 441  224
 1043  102
 157232  104
 2454  79
 158961  125
 158082  51
 433  283
 156724  341
 532  105
 158762  90
 156392  293
 1184  45
 158824  474
 157113  189
 1441  433
 1372  284
 1693  749
 158333  163
 157331  143
 894  946
 1783  189
 156502  577
 391  61
 1922  467
 157434  57
 156703  101
 158611  56
 912  540
 157913  608
 2082  96
 331  171
 524  50
 2221  128
 661  186
 2184  123
 157991  64
 1791  689
 156313  74
 402  525
 158124  73
 81  33
 157241  511
 624  985
 233  131
 2071  49
 1101  473
 156931  187
 841  799
 158633  58
 1052  119
 1073  131
 941  44
 1993  129
 158712  36
 373  449
 157091  136
 158632  672
 158923  47
 156722  275
 158492  70
 252  337
 158332  207
 2022  60
 158173  279
 392  399
 654  553
 158473  475
 156924  284
 533  146
 422  322
 158922  767
 156913  51
 1293  114
 157034  89
 154  294
 2372  93
 554  241
 1274  77
 158833  128
 158102  437
 158813  640
 2563  32
 156444  334
 1523  38
 641  216
 157301  402
 1471  633
 731  387
 156424  843
 157782  410
 157723  27
 2234  99
 156494  49
 158211  155
 1171  385
 2382  56
 157571  54
 157464  74
 156834  298
 1141  59
 158232  57
 158444  134
 156414  23
 1363  385
 2154  629
 1341  318
 156753  111
 157202  1340
 158214  130
 2532  229
 156612  181
 2012  494
 213  749
 1291  293
 2251  111
 158682  473
 2171  275
 92  322
 1453  432
 324  1805
 156882  350
 156192  1587
 158943  664
 181  462
 2323  285
 156224  219
 157271  186
 157012  104
 1824  93
 1941  225
 157492  226
 157833  50
 2103  992
 158164  209
 158374  321
 157632  199
 2043  568
 2443  77
 157314  29
 1654  386
 371  608
 1983  216
 158451  230
 158651  634
 1173  530
 158171  117
 157004  113
 2081  272
 3131  484
 1951  201
 156631  450
 158751  62
 156584  600
 156923  410
 1282  76
 1561  268
 156721  183
 158272  218
 884  98
 156243  214
 143  622
 3152  767
 2521  511
 156981  229
 156591  528
 157131  160
 2542  230
 157402  257
 156733  116
 157883  249
 156772  264
 158582  50
 158734  339
 158653  405
 157651  304
 157222  139
 1083  32
 158251  107
 158224  43
 2113  824
 158112  273
 694  126
 156422  19
 1843  103
 156774  161
 2331  96
 156343  57
 158461  428
 279421  937
 157013  101
 157141  481
 157471  65
 623  1089
 156992  193
 1972  61
 1793  1392
 1463  613
 202  474
 158533  80
 158161  312
 157483  290
 93  623
 157891  441
 1781  36
 157511  109
 157842  105
 1484  110
 523  215
 157692  101
 153  97
 2192  264
 2122  150
 157922  42
 157491  387
 522  52
 82  108
 3151  89
 1891  130
 156354  90
 157631  83
 156164  38
 158642  268
 2054  616
 156281  318
 31  116
 721  531
 11  108
 1443  857
 1914  492
 156684  144
 1493  175
 158832  122
 2434  446
 2062  956
 157052  82
 158673  730
 1224  505
 1331  142
 902  737
 4  430
 156651  65
 156244  133
 158433  615
 2524  78
 156742  116
 1472  841
 158862  601
 157653  187
 2311  136
 2134  31
 1894  352
 1641  36
 156581  471
 156942  47
 2034  48
 2143  40
 157283  183
 2014  234
 2412  231
 801  103
 158042  43
 158094  47
 157503  605
 594  195
 157684  42
 2493  635
 794  654
 157311  53
 2294  33
 1853  123
 279412  572
 156594  213
 158733  490
 1563  400
 158004  512
 3154  574
 222  121
 1652  447
 752  73
 157544  220
 158372  426
 157011  213
 157164  80
 157161  655
 156921  574
 156212  506
 544  707
 158803  396
 156442  288
 156183  64
 157183  165
 158462  150
 157172  146
 292  143
 2541  650
 156171  255
 157671  471
 157024  71
 158033  1171
 3011  68
 492  241
 1661  740
 1334  55
 158581  103
 158504  67
 374  56
 2213  243
 158783  614
 156431  23
 123  816
 992  100
 133  109
 1623  121
 3012  112
 481  2365
 2303  434
 158012  499
 1221  203
 157661  820
 1194  381
 2362  559
 158014  365
 156872  275
 761  46
 883  334
 1204  136
 157044  225
 2141  70
 2094  70
 158742  765
 158613  243
 713  118
 1414  547
 157333  677
 1833  126
 158323  482
 158574  184
 962  102
 156262  520
 157312  51
 1163  36
 158474  826
 1613  718
 1452  1058
 2474  583
 1121  136
 156621  171
 158732  703
 158242  377
 158144  28
 513  87
 158972  529
 1572  84
 1782  58
 152  539
 157002  364
 157204  684
 1451  489
 831  462
 1713  272
 157853  236
 1601  59
 156644  92
 158603  57
 2182  53
 157664  136
 156622  77
 2491  303
 156734  369
 1863  59
 157531  479
 157341  172
 157144  21
 156852  400
 2231  281
 2201  115
 1412  290
 462  75
 2253  189
 158264  287
 612  625
 313  73
 157532  694
 158111  123
 156293  40
 157663  296
 3171  604
 156361  170
 963  132
 157542  80
 157142  21
 2104  469
 2343  225
 158081  96
 954  118
 1513  196
 12  222
 2333  56
 1911  162
 158562  127
 157501  76
 491  50
 384  607
 2551  66
 158244  1192
 157282  136
 873  94
 158874  679
 156372  503
 156312  237
 157923  75
 156823  403
 158373  238
 1751  107
 158482  78
 156592  355
 1883  403
 157134  37
 1924  147
 493  326
 74  767
 314  82
 156474  559
 1473  459
 158142  68
 158402  74
 158641  317
 1103  260
 903  169
 3022  174
 2284  262
 158534  68
 2181  59
 158854  934
 157533  426
 2252  96
 157173  98
 157523  113
 2393  55
 156862  345
 157914  337
 1612  61
 223  47
 1862  134
 156184  91
 158371  445
 156363  185
 158254  100
 821  256
 157393  75
 974  1274
 157263  845
 157771  1557
 158293  638
 156843  99
 2003  431
 157102  356
 1303  101
 156911  35
 158234  115
 157092  179
 584  985
 158753  90
 1832  73
 1982  102
 784  380
 664  390
 157291  183
 1674  229
 157701  50
 158043  434
 157732  88
 1714  106
 157401  101
 581  1131
 803  861
 157154  368
 158194  196
 158311  217
 1212  445
 157751  408
 2282  220
 157514  319
 1763  747
 156602  360
 158584  453
 156932  555
 2164  551
 158243  959
 158292  719
 156342  59
 157843  76
 253  916
 1152  272
 802  158
 573  120
 158924  187
 156993  637
 156473  615
 1771  618
 52  60
 1671  652
 158183  332
 1382  66
 971  483
 1582  166
 158003  508
 1571  234
 157504  546
 156234  63
 158791  81
 1023  64
 158864  245
 156752  102
 156523  251
 1143  63
 158974  1342
 1041  726
 812  683
 494  34
 2102  796
 2214  320
 158871  322
 157984  276
 2061  691
 156504  74
 156903  489
 1691  510
 156191  397
 1673  211
 156822  60
 942  52
 23  294
 157082  459
 2124  38
 312  80
 157951  765
 1861  65
 156382  54
 158691  129
 163  294
 158602  72
 157742  91
 2  688
 603  381
 158621  162
 157332  669
 1233  58
 2222  626
 1344  73
 156541  858
 804  40
 156151  521
 931  196
 3024  279
 34  225
 157101  627
 1551  160
 157342  351
 157423  496
 1743  128
 94  652
 583  1358
 158201  194
 1391  106
 683  106
 2392  176
 158844  52
 2084  509
 51  27
 692  114
 1342  174
 157841  84
 156374  119
 158744  717
 157602  108
 1182  84
 157964  247
 157574  420
 2161  287
 157293  666
 156203  1357
 156914  39
 157371  858
 2424  985
 2373  72
 157071  71
 158963  404
 1594  376
 157184  539
 1574  60
 156271  66
 157522  316
 1753  274
 157844  78
 1994  166
 174  251
 157562  42
 2031  39
 156252  597
 157391  269
 1384  355
 263  342
 156492  412
 158394  116
 156182  94
 2004  52
 2301  362
 156883  41
 156814  461
 158202  120
 156972  773
 156291  744
 157124  234
 1971  95
 157383  127
 101  209
 158614  660
 157611  179
 158324  31
 156232  72
 3172  627
 156264  281
 157361  252
 1004  712
 158873  139
 614  881
 156201  147
 282  275
 157654  449
 157953  1448
 2144  72
 3161  71
 1134  705
 1731  113
 157363  465
 156704  132
 933  70
 1332  248
 1102  95
 1003  121
 157224  106
 158071  51
 157593  209
 156152  127
 734  847
 732  578
 214  1449
 157691  750
 157234  130
 158221  63
 158814  640
 1803  490
 191  439
 157253  254
 973  565
 157524  285
 1611  76
 158253  93
 158834  186
 1242  457
 157324  481
 156874  371
 157623  95
 2313  292
 431  234
 341  846
 952  125
 852  612
 157093  126
 652  86
 156891  46
 158594  117
 156681  85
 1401  683
 813  378
 1474  741
 157373  327
 156214  141
 552  455
 134  86
 157453  173
 157274  328
 156302  1919
 157614  103
 156484  122
 157404  680
 157893  467
 158223  207
 157061  312
 157374  952
 404  681
 1512  165
 2431  784
 1514  509
 158484  119
 1942  746
 158191  102
 904  195
 157042  100
 2211  330
 2093  520
 2522  227
 156544  290
 156784  450
 1614  760
 157221  88
 158091  375
 158794  149
 1981  608
 158282  265
 824  85
 158274  204
 157641  73
 157014  90
 158502  325
 2083  566
 157432  132
 1353  630
 1011  93
 157834  308
 1014  193
 158393  134
 158364  114
 1871  84
 156771  146
 1624  98
 2513  121
 363  365
 2292  65
 157652  250
 1644  60
 2481  43
 158823  457
 2512  48
 211  78
 157073  598
 2153  738
 1542  632
 157323  24
 157633  568
 1081  632
 158382  389
 156732  32
 2173  36
 158134  61
 157712  701
 2364  36
 1511  323
 2483  434
 3174  407
 484  312
 158654  223
 2423  662
 156242  558
 156641  82
 2242  1080
 482  322
 744  62
 158564  414
 156613  95
 234  59
 156311  375
 44  51
 1553  135
 158303  82
 157364  731
 156453  884
 157774  1171
 1021  63
 1054  62
 1193  468
 781  556
 653  110
 156364  363
 1722  79
 156491  647
 173  3184
 158801  62
 1283  245
 157053  146
 156533  61
 158454  33
 382  599
 1032  90
 158664  750
 2492  187
 158103  273
 1113  46
 932  58
 2321  179
 691  112
 156501  146
 156452  320
 2202  167
 158002  252
 342  1094
 158163  137
 1593  330
 73  128
 2001  154
 156352  119
 711  316
 157753  437
 853  38
 157254  137
 2472  812
 158552  89
 1823  269
 1092  766
 156144  62
 158513  53
 362  543
 2501  237
 1734  180
 1591  146
 1444  303
 279411  815
 103  192
 157063  204
 863  669
 158233  410
 3141  283
 156362  79
 1631  35
 157921  74
 158554  204
 1602  114
 1013  88
 157064  69
 321  218
 158804  718
 3144  320
 2433  67
 157543  429
 158342  116
 158493  108
 3021  77
 551  125
 102  64
 201  444
 158684  684
 553  252
 733  434
 157752  402
 156511  430
 171  64
 157693  96
 156893  39
 158192  255
 158714  700
 1381  151
 2271  82
 158644  543
 156441  301
 157832  101
 774  428
 158412  141
 156954  224
 1822  301
 158802  51
 322  94
 158472  478
 2534  479
 157163  269
 982  88
 158284  105
 291  542
 2504  699
 156381  84
 158122  459
 158344  380
 157642  142
 1001  367
 892  50
 156463  801
 158263  187
 157111  118
 311  247
 156842  94
 157194  679
 1264  732
 1543  339
 157213  108
 158261  70
 157422  506
 156813  463
 157513  134
 158774  117
 561  42
 157472  58
 158663  759
 157541  51
 156713  223
 156464  393
 2452  36
 157812  190
 454  128
 2523  51
 1684  658
 158543  67
 1154  214
 2263  178
 2462  213
 157634  436
 157713  298
 1964  67
 2354  68
 33  160
 156513  143
 157443  131
 1503  106
 157384  493
 156642  145
 158973  662
 156344  53
 1271  115
 157054  53
 158672  78
 158681  93
 158604  118
 264  809
 158962  398
 156783  251
 158761  145
 158314  83
 472  195
 144  580
 156421  22
 158453  614
 158053  127
 158821  582
 156251  1001
 1343  146
 411  110
 832  45
 158041  590
 162  187
 156303  964
 1943  38
 156213  86
 62  193
 158954  402
 157264  765
 1524  112
 157551  154
 2133  32
 158352  776
 1812  270
 714  1634
 158592  337
 157971  57
 158551  93
 2052  280
 501  304
 157961  485
 2281  195
 1962  88
 464  113
 2553  208
 157931  62
 158561  73
 1533  834
 156922  508
 1181  94
 157083  428
 1262  1123
 156941  55
 983  86
 2194  85
 1494  38
 156331  225
 1604  74
 157022  218
 241  1422
 3014  83
 156482  450
 157444  170
 2414  150
 158362  126
 157624  67
 157901  63
 158021  60
 2324  130
 158281  213
 158763  67
 156401  817
 112  507
 1521  457
 2172  64
 157731  111
 2394  553
 3013  439
 582  775
 1244  46
 156333  827
 156503  555
 984  62
 682  70
 158634  591
 158023  51
 1632  497
 156162  155
 157461  881
 413  343
 156582  921
 157863  90
 124  748
 2514  28
 157414  93
 131  66
 611  1461
 157704  285
 14  30
 157162  311
 864  99
 64  74
 2074  133
 1534  296
 814  60
 1814  48
 2193  279
 1961  67
 157023  426
 156314  115
 504  131
 157412  99
 158694  620
 156593  402
 156574  1247
 242  351
 2091  106
 1302  34
 156694  631
 434  59
 862  551
 634  250
 156854  433
 157281  385
 1074  162
 158411  128
 2191  244
 156952  210
 157481  66
 1022  156
 1544  443
 2293  129
 156714  292
 157621  77
 1211  141
 1432  631
 2023  137
 2024  50
 1864  146
 157772  975
 113  488
 811  820
 381  174
 204  319
 158301  79
 157773  559
 156604  776
 1834  110
 156462  688
 157983  429
 122  726
 157603  230
 1501  123
 156782  31
 782  82
 157554  1965
 1  774
 84  70
 2224  49
 156864  385
 483  135
 158532  90
 157784  295
 157933  24
 157534  230
 157822  216
 2543  424
 156583  779
 751  51
 1104  278
 1253  137
 156402  239
 1643  102
 156841  285
 1002  398
 1724  132
 156461  1000
 156761  353
 702  90
 602  1408
 2552  50
 157021  125
 156833  180
 158381  663
 1813  64
 1583  519
 158764  23
 1122  79
 2304  190
 1581  327
 1404  375
 2404  110
 157132  78
 157672  282
 157852  156
 157762  772
 157873  87
 157454  179
 1024  162
 833  657
 156174  524
 1651  748
 156353  229
 158154  467
 157793  315
 156892  90
 156974  237
 157903  31
 334  614
 2051  637
 158414  747
 1223  413
 741  786
 157584  557
 157581  222
 156562  462
 158132  85
 156791  566
 961  198
 1852  100
 157043  361
 3173  307
 157743  108
 158743  633
 271  532
 1742  156
 156514  170
 156483  508
 157553  870
 1111  30
 2314  70
 158861  462
 157242  506
 164  88
 156964  201
 156652  123
 157714  672
 1323  128
 872  416
 158503  557
 2361  177
 182  57
 1531  573
 157094  68
 1552  639
 511  91
 157791  253
 156781  47
 1254  398
 157952  606
 1784  1094
 158541  358
 704  1161
 2342  71
 157622  64
 158182  247
 951  108
 157763  342
 158343  347
 156173  33
 2482  136
 157062  120
 157764  1592
 157711  367
 1311  31
 157741  133
 1893  36
 279413  729
 156962  306
 158693  1498
 158723  314
 194  336
 2322  390
 156351  822
 156673  64
 158422  505
 2021  498
 1733  110
 158114  400
 1241  57
 157721  95
 943  70
 156661  94
 1252  296
 352  44
 157804  460
 157744  104
 2544  743
 1842  106
 41  156
 156472  726
 1314  112
 1061  169
 2291  47
 156682  72
 2562  139
 157724  106
 823  125
 1874  53
 2363  436
 1093  286
 114  432
 158392  66
 2413  232
 158793  106
 156983  595
 157272  161
 104  207
 158512  61
 914  540
 156261  583
 2112  101
 563  68
 157894  616
 156341  55
 323  289
 158452  47
 157572  356
 3023  153
 2183  744
 964  101
 1482  76
 2162  511
 156532  96
 1841  83
 157911  527
 284  112
 1991  108
 1754  377
 1071  321
 158152  280
 157811  362
 512  105
 1504  98
 158812  444
 881  53
 279414  415
 1752  453
 861  373
 158241  90
 156773  376
 43  45
 1811  82
 157233  144
 613  497
 423  345
 1794  366
 1333  238
 157084  52
 61  405
 157451  114
 156723  524
 157413  75
 158683  60
 21  503
 157582  144
 156323  428
 157112  235
 754  84
 157243  493
 158172  157
 157121  40
 2402  87
 572  169
 157081  313
 383  510
 158841  170
 412  448
 2241  179
 157912  419
 158964  123
 1033  97
 157992  186
 157001  105
 3163  118
 157192  1082
 156744  213
 91  622
 1633  515
 157003  98
 158612  57
 156871  39
 2131  105
 156801  678
 158104  198
 1131  391
 3162  179
 157292  540
 24  75
 158942  621
 279423  420
 158941  570
 157201  1144
 157594  325
 922  117
 157733  107
 157941  23
 157074  546
 1393  401
 991  77
 1882  458
 158951  155
 642  553
 158062  70
 934  211
 1831  288
 871  722
 156683  223
 562  113
 111  516
 2243  707
 1884  130
 157294  645
 1243  368
 158184  101
 158531  90
 156454  73
 156894  109
 156534  635
 1944  168
 156712  362
 157214  179
 157251  424
 158591  442
 2401  257
 1692  496
 1564  593
 1584  29
 158631  677
 1642  30
 1034  58
 2032  140
 1354  292
 622  99
 2163  950
 158181  78
 822  181
 157302  370
 157643  1226
 1712  418
 1251  52
 534  126
 158404  208
 1304  59
 158384  263
 1214  793
 1072  116
 1313  84
 1702  45
 158424  282
 157821  146
 2123  112
 156332  244
 393  92
 157783  546
 156982  74
 1292  122
 157304  637
 1801  652
 473  746
 1664  264
 1082  248
 156391  657
 2411  153
 1802  321
 156933  44
 2421  713
 158313  135
 2244  191
 157273  159
 158524  471
 157403  226
 157943  52
 1762  98
 403  482
 1063  494
 157344  276
 158064  288
 156994  502
 1402  413
 1481  139
 157563  771
 157881  427
 621  111
 158662  901
 157114  182
 2044  101
 157182  1922
 1031  179
 1192  344
 158271  649
 1464  429
 1532  432
 121  125
 156571  411
 157191  700
 764  576
 156863  175
 157223  100
 1232  437
 2352  105
 684  105
 1844  230
 303  86
 1191  212
 2114  214
 157502  429
 156413  28
 703  122
 2554  66
 156614  86
 157882  357
 158704  295
 1421  72
 156961  477
 1133  405
 1502  63
 1704  211
 156521  36
 156194  791
 157203  342
 158622  100
 193  726
 2473  431
 158353  550
 157521  108
 156861  419
 158544  573
 158782  324
 681  107
 158212  146
 1562  285
 158514  671
 157122  40
 158072  66
 156493  596
 157394  426
 157353  990
 882  93
 1433  211
 158354  449
 1091  128
 923  82
 1603  117
 844  682
 158143  53
 157284  40
 1174  543
 158063  134
 1881  414
 156693  576
 1921  1074
 851  514
 157411  131
 157993  137
 156373  331
 156812  500
 394  44
 157482  719
 843  742
 158294  721
 344  161
 1442  1271
 156984  395
 1132  643
 83  137
 158724  651
 279422  659
 157884  156
 156884  186
 156902  385
 332  143
 158573  316
 157864  97
 158334  98
 1973  97
 157143  18
 158471  691
 158092  278
 542  951
 924  90
 157994  360
 158391  476
 972  800
 158601  104
 1362  135
 1711  735
 158501  352
 158434  1007
 156254  343
 156393  141
 156554  59
 1992  166
 157231  118
 2142  105
 157431  87
 157041  58
 1123  416
 156322  925
 1622  81
 1094  294
 158442  579
 156951  287
 1573  248
 156294  328
 157313  69
 157103  182
 156273  36
 372  811
 2272  74
 156563  315
 601  630
 1931  146
 157824  100
 157322  64
 444  465
 157794  334
 157942  25
 157032  135
 156691  389
 13  20
 1621  122
 592  209
 231  54
 663  466
 994  71
 1351  787
 1051  68
 1804  411
 1854  479
 3143  607
 158031  132
 157974  961
 1273  306
 1483  158
 272  1120
 158464  132
 3133  113
 1172  321
 156943  757
 156821  46
 192  37
 158481  123
 474  508
 1773  57
 1934  693
 157352  698
 156603  654
 156912  104
 156633  145
 1281  259
 158853  950
 157381  687
 157982  451
 224  70
 158174  116
 671  18
 1371  107
 2511  322
 158032  1045
 2092  282
 564  692
 461  88
 1263  1067
 158351  990
 157561  971
 141  567
 157813  138
 2101  418
 157153  312
 913  731
 1764  137
 2334  71
 157854  117
 1953  238
 156643  351
 156904  34
 156154  96
 1352  501
 156881  524
 158044  66
 1411  309
 1952  540
 157761  699
 158022  236
 158302  87
 274  510
 158312  198
 2531  144
 156663  151
 1162  34
 158792  40
 157673  150
 156711  99
 1202  136
 662  247
 157934  36
 521  61
 1361  739
 157193  314
 158661  346
 1682  161
 157872  105
 1744  154
 2381  51
 158273  378
 156803  55
 432  381
 1663  931
 1423  79
 156624  245
 157212  1042
 156701  341
 157211  684
 2464  78
 2204  163
 1151  329
 63  344
 151  194
 158034  526
 158061  98
 156383  59
 1161  45
 701  93
 158203  311
 158283  441
 304  224
 773  399
 157954  298
 294  115
 158491  115
 156163  193
 1394  123
 1301  56
 184  357
 156371  512
 1902  37
 156851  821
 157973  62
 1084  568
 158423  705
 891  43
 2212  424
 364  334
 2223  121
 156512  172
 158583  618
 2341  91
 2232  28
 1913  64
 2503  528
 157972  58
 158074  49
 1231  178
 1554  259
 158133  48
 156674  46
 157252  581
 1984  380
 157963  531
 1461  510
 156702  125
 1492  104
 158971  526
 157564  414
 1112  67
 157803  209
 1434  218
 156573  898
 1792  213
 1324  56
 156971  300
 158872  79
 3153  282
 156481  37
 158511  78
 157484  118
 1261  757
 1462  434
 156792  419
 158523  597
 156623  109
 514  88
 1321  92
 2312  211
 158123  740
 157862  277
 157421  66
 156611  317
 158643  370
 1732  146
 593  189
 157362  404
 874  883
 1044  53
 156672  198
 158403  589
 2444  385
 1701  62
 302  98
 158101  279
 156263  259
 157802  221
 1322  395
 2502  64
 281  964
 414  428
 2233  359
 158213  77
 343  481
 254  165
 273  381
 221  88
 157474  72
 2484  115
 156731  142
 2344  257
 591  189
 158361  89
 2494  281
 1963  92
 157644  809
 157823  573
 1424  102
 157861  151
 1912  218
 156804  111
 157072  57
 156832  74
 156272  41
 157452  317
 157334  312
 157152  157
 157681  435
 156292  369
 156662  90
 161  940
 1012  51
 157321  128
 1933  87
 451  133
 32  104
 157702  400
 156223  193
 1672  409
 157512  84
 157981  670
 471  419
 157604  185
 421  717
 157174  91
 142  504
 1062  260
 1142  121
 644  80
 158084  66
 158401  423
 156552  1388
 157851  112
 156764  500
 172  68
 442  105
 156741  156
 158741  719
 158944  564
 157051  108
 156754  116
 1272  110
 502  96
 3142  484
 156934  734
 156433  153
 157591  186
 1741  518
 1872  696
 156384  68
 157734  103
 2013  1811
 156653  112
 156802  95
 1454  484
 2053  766
 156172  469
 1064  507
 157754  76
 158331  227
 301  291
 42  77
 1932  263
 158073  45
 157814  331
 1901  38
 157683  59
 156794  58
 157613  80
 1422  66
 901  501
 157902  46
 158141  209
 157612  27
 156543  236
 158781  331
 1774  251
 156762  256
 232  68
 158494  118
 673  1365
 1703  218
 261  780
 156632  29
 132  53
 158542  477
 156671  53
 1522  180
 2453  199
 243  301
 158131  93
 158842  30
 156202  1673
 158304  223
 157682  264
 156873  289
 772  96
 158771  152
 543  789
 156253  716
 156944  435
 158432  114
 158831  557
 2203  98
 157392  55
 156283  1499
 158822  68
 2463  365
 157031  97
 156321  88
 158692  736
 158572  1439
 158151  1192
 1383  563
 944  106
 783  157
 1164  322
 424  263
 158262  653
 354  857
 158722  512
 158553  1065
 712  456
 1694  823
 351  86
 158623  250
 571  1302
 158121  424
 2451  139
 156432  24
 158341  121
 156161  84
 158624  179
 1892  154
 1124  504
 158443  671
 158843  580
 3  703
 1312  72
 2151  971
 722  440
 2073  385
 401  849
 156824  90
 157473  138
 2063  489
 156284  714
 834  871
 1851  67
 158851  845
 156233  103
 158291  1718
 156241  1669
 156451  590
 443  149
 212  262
 743  437
 158083  107
 156751  177
 157123  46
 156324  260
 1761  113
 158363  116
 1903  52
 183  377
 3134  328
 2374  70
 157892  625
 2384  301
 157962  134
 157104  432
 156991  840
 3164  90
 156403  1251
 2403  91
 842  509
 156434  270
 156901  576
 157303  502
 158784  1027
 771  360
 2273  77
 793  533
 156831  171
 2261  247
 157151  662
 157694  73
 156811  633
 631  419
 156564  338
 156793  254
 1904  107
 157463  452
 156204  1099
 156274  118
 156844  83
 158421  699
 1403  660
 643  75
 158522  527
 503  148
 158052  168
 279424  523
 156471  491
 157424  423
 531  313
 1213  621
 156542  860
 156524  177
 158024  112
 158521  724
 633  393
 2383  300
 157932  51
 156193  318
 2072  217
 158431  77
 158441  142
 157351  417
 158054  59
 156181  114
 293  74
 158383  66
 158772  129
 674  289
 2264  265
 157372  639
 156531  103
 158773  34
 156601  316
 723  325
 157583  109
 1873  39
 157924  61
 158731  805
 463  245
 157904  35
 156973  67
 1201  92
 1144  80
 157343  549
 156411  651
 1721  122
 651  495
 1413  450
 251  1056
 893  393
 158754  63
 157801  78
 156222  714
 2033  39
 762  81
 2533  161
 262  406
 156394  686
 158001  247
 2132  35
 1183  72
 1222  234
 158674  877
 672  129
 156211  340
 158593  263
 157831  195
 1592  168
 158113  279
 157462  247
 604  49
 2011  784
 156572  1415
 156654  402
 1364  489
 156153  170
 157792  112
 158322  158
 158011  697
 156231  117
 2441  431
 158652  154
 157133  96
 156334  666
 157033  329
 792  294
 244  25
 724  426
 156522  147
 158702  563
 158711  167
 158013  588
 53  112
 157493  35
 2064  553
 158413  56
 854  310
 156301  682
 157262  402
 2002  147
 361  432
 2332  44
 156443  316
 158863  408
 156664  103
 158321  263
 1662  174
 791  38
 2371  45
 1042  414
 763  72
 453  166
 158713  814
 157662  276
 157442  326
 2353  175
 1681  683
 158093  220
 2351  98
 157354  439
 157871  104
 158852  1350
 753  91
 157674  690
 157703  430
 203  50
 158952  114
 1821  74
 158252  69
 953  99
 1284  77
 158162  192
 157573  474
 541  876
 157181  229
 2461  132
 156692  505
 158153  78
 158571  270
 156553  60
 1954  348
 157552  211
 157722  101
 742  411
 2283  108
 156743  70
 1294  90
 1053  32
 157781  717
 156412  868
 2174  49
 2432  75
 158222  113
 157171  85
 156221  393
 71  226
 333  377
 157382  531
 452  61
 1541  671
 1723  126
 158811  712
 158703  487
 2152  734
 2254  76
 158204  47
 1374  117
 157874  88
 158721  682
 1431  77
 157592  48
 353  583
 1923  536
 1653  411
 157601  173
 156423  360
 993  77
 158953  146
 2561  253
 2042  632
 921  313
 157433  133
 156763  229
 156634  86
 1234  404
 2111  260
 283  194
 156404  79
 72  44
 1683  509
 1114  121
 157494  95
 156963  262
 157944  578
 1974  66
 2274  80
 2041  118
 3132  99
 693  129
 574  1160
 158701  531
 1153  248
 1491  89
 156282  839
 22  500
 2442  371
 158483  27
 158463  471
 156853  768
 157441  525
 2262  82
 156953  170
 2121  80
 158193  115
 2391  169
 911  106
 2422  1898
 158563  1157
 156551  808
 158671  620
 54  42
 2471  147
 158752  128
 158231  70
 2302  378
 156304  239
 157261  312
 1772  198
 156561  3131
 1634  591
 1203  153
 1373  70
 158051  267
 1392  154
 981  48
 632  443
 157244  97
 441  224
 1043  102
 157232  104
 2454  79
 158961  125
 158082  51
 433  283
 156724  341
 532  105
 158762  90
 156392  293
 1184  45
 158824  474
 157113  189
 1441  433
 1372  284
 1693  749
 158333  163
 157331  143
 894  946
 1783  189
 156502  577
 391  61
 1922  467
 157434  57
 156703  101
 158611  56
 912  540
 157913  608
 2082  96
 331  171
 524  50
 2221  128
 661  186
 2184  123
 157991  64
 1791  689
 156313  74
 402  525
 158124  73
 81  33
 157241  511
 624  985
 233  131
 2071  49
 1101  473
 156931  187
 841  799
 158633  58
 1052  119
 1073  131
 941  44
 1993  129
 158712  36
 373  449
 157091  136
 158632  672
 158923  47
 156722  275
 158492  70
 252  337
 158332  207
 2022  60
 158173  279
 392  399
 654  553
 158473  475
 156924  284
 533  146
 422  322
 158922  767
 156913  51
 1293  114
 157034  89
 154  294
 2372  93
 554  241
 1274  77
 158833  128
 158102  437
 158813  640
 2563  32
 156444  334
 1523  38
 641  216
 157301  402
 1471  633
 731  387
 156424  843
 157782  410
 157723  27
 2234  99
 156494  49
 158211  155
 1171  385
 2382  56
 157571  54
 157464  74
 156834  298
 1141  59
 158232  57
 158444  134
 156414  23
 1363  385
 2154  629
 1341  318
 156753  111
 157202  1340
 158214  130
 2532  229
 156612  181
 2012  494
 213  749
 1291  293
 2251  111
 158682  473
 2171  275
 92  322
 1453  432
 324  1805
 156882  350
 156192  1587
 158943  664
 181  462
 2323  285
 156224  219
 157271  186
 157012  104
 1824  93
 1941  225
 157492  226
 157833  50
 2103  992
 158164  209
 158374  321
 157632  199
 2043  568
 2443  77
 157314  29
 1654  386
 371  608
 1983  216
 158451  230
 158651  634
 1173  530
 158171  117
 157004  113
 2081  272
 3131  484
 1951  201
 156631  450
 158751  62
 156584  600
 156923  410
 1282  76
 1561  268
 156721  183
 158272  218
 884  98
 156243  214
 143  622
 3152  767
 2521  511
 156981  229
 156591  528
 157131  160
 2542  230
 157402  257
 156733  116
 157883  249
 156772  264
 158582  50
 158734  339
 158653  405
 157651  304
 157222  139
 1083  32
 158251  107
 158224  43
 2113  824
 158112  273
 694  126
 156422  19
 1843  103
 156774  161
 2331  96
 156343  57
 158461  428
 279421  937
 157013  101
 157141  481
 157471  65
 623  1089
 156992  193
 1972  61
 1793  1392
 1463  613
 202  474
 158533  80
 158161  312
 157483  290
 93  623
 157891  441
 1781  36
 157511  109
 157842  105
 1484  110
 523  215
 157692  101
 153  97
 2192  264
 2122  150
 157922  42
 157491  387
 522  52
 82  108
 3151  89
 1891  130
 156354  90
 157631  83
 156164  38
 158642  268
 2054  616
 156281  318
 31  116
 721  531
 11  108
 1443  857
 1914  492
 156684  144
 1493  175
 158832  122
 2434  446
 2062  956
 157052  82
 158673  730
 1224  505
 1331  142
 902  737
 4  430
 156651  65
 156244  133
 158433  615
 2524  78
 156742  116
 1472  841
 158862  601
 157653  187
 2311  136
 2134  31
 1894  352
 1641  36
 156581  471
 156942  47
 2034  48
 2143  40
 157283  183
 2014  234
 2412  231
 801  103
 158042  43
 158094  47
 157503  605
 594  195
 157684  42
 2493  635
 794  654
 157311  53
 2294  33
 1853  123
 279412  572
 156594  213
 158733  490
 1563  400
 158004  512
 3154  574
 222  121
 1652  447
 752  73
 157544  220
 158372  426
 157011  213
 157164  80
 157161  655
 156921  574
 156212  506
 544  707
 158803  396
 156442  288
 156183  64
 157183  165
 158462  150
 157172  146
 292  143
 2541  650
 156171  255
 157671  471
 157024  71
 158033  1171
 3011  68
 492  241
 1661  740
 1334  55
 158581  103
 158504  67
 374  56
 2213  243
 158783  614
 156431  23
 123  816
 992  100
 133  109
 1623  121
 3012  112
 481  2365
 2303  434
 158012  499
 1221  203
 157661  820
 1194  381
 2362  559
 158014  365
 156872  275
 761  46
 883  334
 1204  136
 157044  225
 2141  70
 2094  70
 158742  765
 158613  243
 713  118
 1414  547
 157333  677
 1833  126
 158323  482
 158574  184
 962  102
 156262  520
 157312  51
 1163  36
 158474  826
 1613  718
 1452  1058
 2474  583
 1121  136
 156621  171
 158732  703
 158242  377
 158144  28
 513  87
 158972  529
 1572  84
 1782  58
 152  539
 157002  364
 157204  684
 1451  489
 831  462
 1713  272
 157853  236
 1601  59
 156644  92
 158603  57
 2182  53
 157664  136
 156622  77
 2491  303
 156734  369
 1863  59
 157531  479
 157341  172
 157144  21
 156852  400
 2231  281
 2201  115
 1412  290
 462  75
 2253  189
 158264  287
 612  625
 313  73
 157532  694
 158111  123
 156293  40
 157663  296
 3171  604
 156361  170
 963  132
 157542  80
 157142  21
 2104  469
 2343  225
 158081  96
 954  118
 1513  196
 12  222
 2333  56
 1911  162
 158562  127
 157501  76
 491  50
 384  607
 2551  66
 158244  1192
 157282  136
 873  94
 158874  679
 156372  503
 156312  237
 157923  75
 156823  403
 158373  238
 1751  107
 158482  78
 156592  355
 1883  403
 157134  37
 1924  147
 493  326
 74  767
 314  82
 156474  559
 1473  459
 158142  68
 158402  74
 158641  317
 1103  260
 903  169
 3022  174
 2284  262
 158534  68
 2181  59
 158854  934
 157533  426
 2252  96
 157173  98
 157523  113
 2393  55
 156862  345
 157914  337
 1612  61
 223  47
 1862  134
 156184  91
 158371  445
 156363  185
 158254  100
 821  256
 157393  75
 974  1274
 157263  845
 157771  1557
 158293  638
 156843  99
 2003  431
 157102  356
 1303  101
 156911  35
 158234  115
 157092  179
 584  985
 158753  90
 1832  73
 1982  102
 784  380
 664  390
 157291  183
 1674  229
 157701  50
 158043  434
 157732  88
 1714  106
 157401  101
 581  1131
 803  861
 157154  368
 158194  196
 158311  217
 1212  445
 157751  408
 2282  220
 157514  319
 1763  747
 156602  360
 158584  453
 156932  555
 2164  551
 158243  959
 158292  719
 156342  59
 157843  76
 253  916
 1152  272
 802  158
 573  120
 158924  187
 156993  637
 156473  615
 1771  618
 52  60
 1671  652
 158183  332
 1382  66
 971  483
 1582  166
 158003  508
 1571  234
 157504  546
 156234  63
 158791  81
 1023  64
 158864  245
 156752  102
 156523  251
 1143  63
 158974  1342
 1041  726
 812  683
 494  34
 2102  796
 2214  320
 158871  322
 157984  276
 2061  691
 156504  74
 156903  489
 1691  510
 156191  397
 1673  211
 156822  60
 942  52
 23  294
 157082  459
 2124  38
 312  80
 157951  765
 1861  65
 156382  54
 158691  129
 163  294
 158602  72
 157742  91
 2  688
 603  381
 158621  162
 157332  669
 1233  58
 2222  626
 1344  73
 156541  858
 804  40
 156151  521
 931  196
 3024  279
 34  225
 157101  627
 1551  160
 157342  351
 157423  496
 1743  128
 94  652
 583  1358
 158201  194
 1391  106
 683  106
 2392  176
 158844  52
 2084  509
 51  27
 692  114
 1342  174
 157841  84
 156374  119
 158744  717
 157602  108
 1182  84
 157964  247
 157574  420
 2161  287
 157293  666
 156203  1357
 156914  39
 157371  858
 2424  985
 2373  72
 157071  71
 158963  404
 1594  376
 157184  539
 1574  60
 156271  66
 157522  316
 1753  274
 157844  78
 1994  166
 174  251
 157562  42
 2031  39
 156252  597
 157391  269
 1384  355
 263  342
 156492  412
 158394  116
 156182  94
 2004  52
 2301  362
 156883  41
 156814  461
 158202  120
 156972  773
 156291  744
 157124  234
 1971  95
 157383  127
 101  209
 158614  660
 157611  179
 158324  31
 156232  72
 3172  627
 156264  281
 157361  252
 1004  712
 158873  139
 614  881
 156201  147
 282  275
 157654  449
 157953  1448
 2144  72
 3161  71
 1134  705
 1731  113
 157363  465
 156704  132
 933  70
 1332  248
 1102  95
 1003  121
 157224  106
 158071  51
 157593  209
 156152  127
 734  847
 732  578
 214  1449
 157691  750
 157234  130
 158221  63
 158814  640
 1803  490
 191  439
 157253  254
 973  565
 157524  285
 1611  76
 158253  93
 158834  186
 1242  457
 157324  481
 156874  371
 157623  95
 2313  292
 431  234
 341  846
 952  125
 852  612
 157093  126
 652  86
 156891  46
 158594  117
 156681  85
 1401  683
 813  378
 1474  741
 157373  327
 156214  141
 552  455
 134  86
 157453  173
 157274  328
 156302  1919
 157614  103
 156484  122
 157404  680
 157893  467
 158223  207
 157061  312
 157374  952
 404  681
 1512  165
 2431  784
 1514  509
 158484  119
 1942  746
 158191  102
 904  195
 157042  100
 2211  330
 2093  520
 2522  227
 156544  290
 156784  450
 1614  760
 157221  88
 158091  375
 158794  149
 1981  608
 158282  265
 824  85
 158274  204
 157641  73
 157014  90
 158502  325
 2083  566
 157432  132
 1353  630
 1011  93
 157834  308
 1014  193
 158393  134
 158364  114
 1871  84
 156771  146
 1624  98
 2513  121
 363  365
 2292  65
 157652  250
 1644  60
 2481  43
 158823  457
 2512  48
 211  78
 157073  598
 2153  738
 1542  632
 157323  24
 157633  568
 1081  632
 158382  389
 156732  32
 2173  36
 158134  61
 157712  701
 2364  36
 1511  323
 2483  434
 3174  407
 484  312
 158654  223
 2423  662
 156242  558
 156641  82
 2242  1080
 482  322
 744  62
 158564  414
 156613  95
 234  59
 156311  375
 44  51
 1553  135
 158303  82
 157364  731
 156453  884
 157774  1171
 1021  63
 1054  62
 1193  468
 781  556
 653  110
 156364  363
 1722  79
 156491  647
 173  3184
 158801  62
 1283  245
 157053  146
 156533  61
 158454  33
 382  599
 1032  90
 158664  750
 2492  187
 158103  273
 1113  46
 932  58
 2321  179
 691  112
 156501  146
 156452  320
 2202  167
 158002  252
 342  1094
 158163  137
 1593  330
 73  128
 2001  154
 156352  119
 711  316
 157753  437
 853  38
 157254  137
 2472  812
 158552  89
 1823  269
 1092  766
 156144  62
 158513  53
 362  543
 2501  237
 1734  180
 1591  146
 1444  303
 279411  815
 103  192
 157063  204
 863  669
 158233  410
 3141  283
 156362  79
 1631  35
 157921  74
 158554  204
 1602  114
 1013  88
 157064  69
 321  218
 158804  718
 3144  320
 2433  67
 157543  429
 158342  116
 158493  108
 3021  77
 551  125
 102  64
 201  444
 158684  684
 553  252
 733  434
 157752  402
 156511  430
 171  64
 157693  96
 156893  39
 158192  255
 158714  700
 1381  151
 2271  82
 158644  543
 156441  301
 157832  101
 774  428
 158412  141
 156954  224
 1822  301
 158802  51
 322  94
 158472  478
 2534  479
 157163  269
 982  88
 158284  105
 291  542
 2504  699
 156381  84
 158122  459
 158344  380
 157642  142
 1001  367
 892  50
 156463  801
 158263  187
 157111  118
 311  247
 156842  94
 157194  679
 1264  732
 1543  339
 157213  108
 158261  70
 157422  506
 156813  463
 157513  134
 158774  117
 561  42
 157472  58
 158663  759
 157541  51
 156713  223
 156464  393
 2452  36
 157812  190
 454  128
 2523  51
 1684  658
 158543  67
 1154  214
 2263  178
 2462  213
 157634  436
 157713  298
 1964  67
 2354  68
 33  160
 156513  143
 157443  131
 1503  106
 157384  493
 156642  145
 158973  662
 156344  53
 1271  115
 157054  53
 158672  78
 158681  93
 158604  118
 264  809
 158962  398
 156783  251
 158761  145
 158314  83
 472  195
 144  580
 156421  22
 158453  614
 158053  127
 158821  582
 156251  1001
 1343  146
 411  110
 832  45
 158041  590
 162  187
 156303  964
 1943  38
 156213  86
 62  193
 158954  402
 157264  765
 1524  112
 157551  154
 2133  32
 158352  776
 1812  270
 714  1634
 158592  337
 157971  57
 158551  93
 2052  280
 501  304
 157961  485
 2281  195
 1962  88
 464  113
 2553  208
 157931  62
 158561  73
 1533  834
 156922  508
 1181  94
 157083  428
 1262  1123
 156941  55
 983  86
 2194  85
 1494  38
 156331  225
 1604  74
 157022  218
 241  1422
 3014  83
 156482  450
 157444  170
 2414  150
 158362  126
 157624  67
 157901  63
 158021  60
 2324  130
 158281  213
 158763  67
 156401  817
 112  507
 1521  457
 2172  64
 157731  111
 2394  553
 3013  439
 582  775
 1244  46
 156333  827
 156503  555
 984  62
 682  70
 158634  591
 158023  51
 1632  497
 156162  155
 157461  881
 413  343
 156582  921
 157863  90
 124  748
 2514  28
 157414  93
 131  66
 611  1461
 157704  285
 14  30
 157162  311
 864  99
 64  74
 2074  133
 1534  296
 814  60
 1814  48
 2193  279
 1961  67
 157023  426
 156314  115
 504  131
 157412  99
 158694  620
 156593  402
 156574  1247
 242  351
 2091  106
 1302  34
 156694  631
 434  59
 862  551
 634  250
 156854  433
 157281  385
 1074  162
 158411  128
 2191  244
 156952  210
 157481  66
 1022  156
 1544  443
 2293  129
 156714  292
 157621  77
 1211  141
 1432  631
 2023  137
 2024  50
 1864  146
 157772  975
 113  488
 811  820
 381  174
 204  319
 158301  79
 157773  559
 156604  776
 1834  110
 156462  688
 157983  429
 122  726
 157603  230
 1501  123
 156782  31
 782  82
 157554  1965
 1  774
 84  70
 2224  49
 156864  385
 483  135
 158532  90
 157784  295
 157933  24
 157534  230
 157822  216
 2543  424
 156583  779
 751  51
 1104  278
 1253  137
 156402  239
 1643  102
 156841  285
 1002  398
 1724  132
 156461  1000
 156761  353
 702  90
 602  1408
 2552  50
 157021  125
 156833  180
 158381  663
 1813  64
 1583  519
 158764  23
 1122  79
 2304  190
 1581  327
 1404  375
 2404  110
 157132  78
 157672  282
 157852  156
 157762  772
 157873  87
 157454  179
 1024  162
 833  657
 156174  524
 1651  748
 156353  229
 158154  467
 157793  315
 156892  90
 156974  237
 157903  31
 334  614
 2051  637
 158414  747
 1223  413
 741  786
 157584  557
 157581  222
 156562  462
 158132  85
 156791  566
 961  198
 1852  100
 157043  361
 3173  307
 157743  108
 158743  633
 271  532
 1742  156
 156514  170
 156483  508
 157553  870
 1111  30
 2314  70
 158861  462
 157242  506
 164  88
 156964  201
 156652  123
 157714  672
 1323  128
 872  416
 158503  557
 2361  177
 182  57
 1531  573
 157094  68
 1552  639
 511  91
 157791  253
 156781  47
 1254  398
 157952  606
 1784  1094
 158541  358
 704  1161
 2342  71
 157622  64
 158182  247
 951  108
 157763  342
 158343  347
 156173  33
 2482  136
 157062  120
 157764  1592
 157711  367
 1311  31
 157741  133
 1893  36
 279413  729
 156962  306
 158693  1498
 158723  314
 194  336
 2322  390
 156351  822
 156673  64
 158422  505
 2021  498
 1733  110
 158114  400
 1241  57
 157721  95
 943  70
 156661  94
 1252  296
 352  44
 157804  460
 157744  104
 2544  743
 1842  106
 41  156
 156472  726
 1314  112
 1061  169
 2291  47
 156682  72
 2562  139
 157724  106
 823  125
 1874  53
 2363  436
 1093  286
 114  432
 158392  66
 2413  232
 158793  106
 156983  595
 157272  161
 104  207
 158512  61
 914  540
 156261  583
 2112  101
 563  68
 157894  616
 156341  55
 323  289
 158452  47
 157572  356
 3023  153
 2183  744
 964  101
 1482  76
 2162  511
 156532  96
 1841  83
 157911  527
 284  112
 1991  108
 1754  377
 1071  321
 158152  280
 157811  362
 512  105
 1504  98
 158812  444
 881  53
 279414  415
 1752  453
 861  373
 158241  90
 156773  376
 43  45
 1811  82
 157233  144
 613  497
 423  345
 1794  366
 1333  238
 157084  52
 61  405
 157451  114
 156723  524
 157413  75
 158683  60
 21  503
 157582  144
 156323  428
 157112  235
 754  84
 157243  493
 158172  157
 157121  40
 2402  87
 572  169
 157081  313
 383  510
 158841  170
 412  448
 2241  179
 157912  419
 158964  123
 1033  97
 157992  186
 157001  105
 3163  118
 157192  1082
 156744  213
 91  622
 1633  515
 157003  98
 158612  57
 156871  39
 2131  105
 156801  678
 158104  198
 1131  391
 3162  179
 157292  540
 24  75
 158942  621
 279423  420
 158941  570
 157201  1144
 157594  325
 922  117
 157733  107
 157941  23
 157074  546
 1393  401
 991  77
 1882  458
 158951  155
 642  553
 158062  70
 934  211
 1831  288
 871  722
 156683  223
 562  113
 111  516
 2243  707
 1884  130
 157294  645
 1243  368
 158184  101
 158531  90
 156454  73
 156894  109
 156534  635
 1944  168
 156712  362
 157214  179
 157251  424
 158591  442
 2401  257
 1692  496
 1564  593
 1584  29
 158631  677
 1642  30
 1034  58
 2032  140
 1354  292
 622  99
 2163  950
 158181  78
 822  181
 157302  370
 157643  1226
 1712  418
 1251  52
 534  126
 158404  208
 1304  59
 158384  263
 1214  793
 1072  116
 1313  84
 1702  45
 158424  282
 157821  146
 2123  112
 156332  244
 393  92
 157783  546
 156982  74
 1292  122
 157304  637
 1801  652
 473  746
 1664  264
 1082  248
 156391  657
 2411  153
 1802  321
 156933  44
 2421  713
 158313  135
 2244  191
 157273  159
 158524  471
 157403  226
 157943  52
 1762  98
 403  482
 1063  494
 157344  276
 158064  288
 156994  502
 1402  413
 1481  139
 157563  771
 157881  427
 621  111
 158662  901
 157114  182
 2044  101
 157182  1922
 1031  179
 1192  344
 158271  649
 1464  429
 1532  432
 121  125
 156571  411
 157191  700
 764  576
 156863  175
 157223  100
 1232  437
 2352  105
 684  105
 1844  230
 303  86
 1191  212
 2114  214
 157502  429
 156413  28
 703  122
 2554  66
 156614  86
 157882  357
 158704  295
 1421  72
 156961  477
 1133  405
 1502  63
 1704  211
 156521  36
 156194  791
 157203  342
 158622  100
 193  726
 2473  431
 158353  550
 157521  108
 156861  419
 158544  573
 158782  324
 681  107
 158212  146
 1562  285
 158514  671
 157122  40
 158072  66
 156493  596
 157394  426
 157353  990
 882  93
 1433  211
 158354  449
 1091  128
 923  82
 1603  117
 844  682
 158143  53
 157284  40
 1174  543
 158063  134
 1881  414
 156693  576
 1921  1074
 851  514
 157411  131
 157993  137
 156373  331
 156812  500
 394  44
 157482  719
 843  742
 158294  721
 344  161
 1442  1271
 156984  395
 1132  643
 83  137
 158724  651
 279422  659
 157884  156
 156884  186
 156902  385
 332  143
 158573  316
 157864  97
 158334  98
 1973  97
 157143  18
 158471  691
 158092  278
 542  951
 924  90
 157994  360
 158391  476
 972  800
 158601  104
 1362  135
 1711  735
 158501  352
 158434  1007
 156254  343
 156393  141
 156554  59
 1992  166
 157231  118
 2142  105
 157431  87
 157041  58
 1123  416
 156322  925
 1622  81
 1094  294
 158442  579
 156951  287
 1573  248
 156294  328
 157313  69
 157103  182
 156273  36
 372  811
 2272  74
 156563  315
 601  630
 1931  146
 157824  100
 157322  64
 444  465
 157794  334
 157942  25
 157032  135
 156691  389
 13  20
 1621  122
 592  209
 231  54
 663  466
 994  71
 1351  787
 1051  68
 1804  411
 1854  479
 3143  607
 158031  132
 157974  961
 1273  306
 1483  158
 272  1120
 158464  132
 3133  113
 1172  321
 156943  757
 156821  46
 192  37
 158481  123
 474  508
 1773  57
 1934  693
 157352  698
 156603  654
 156912  104
 156633  145
 1281  259
 158853  950
 157381  687
 157982  451
 224  70
 158174  116
 671  18
 1371  107
 2511  322
 158032  1045
 2092  282
 564  692
 461  88
 1263  1067
 158351  990
 157561  971
 141  567
 157813  138
 2101  418
 157153  312
 913  731
 1764  137
 2334  71
 157854  117
 1953  238
 156643  351
 156904  34
 156154  96
 1352  501
 156881  524
 158044  66
 1411  309
 1952  540
 157761  699
 158022  236
 158302  87
 274  510
 158312  198
 2531  144
 156663  151
 1162  34
 158792  40
 157673  150
 156711  99
 1202  136
 662  247
 157934  36
 521  61
 1361  739
 157193  314
 158661  346
 1682  161
 157872  105
 1744  154
 2381  51
 158273  378
 156803  55
 432  381
 1663  931
 1423  79
 156624  245
 157212  1042
 156701  341
 157211  684
 2464  78
 2204  163
 1151  329
 63  344
 151  194
 158034  526
 158061  98
 156383  59
 1161  45
 701  93
 158203  311
 158283  441
 304  224
 773  399
 157954  298
 294  115
 158491  115
 156163  193
 1394  123
 1301  56
 184  357
 156371  512
 1902  37
 156851  821
 157973  62
 1084  568
 158423  705
 891  43
 2212  424
 364  334
 2223  121
 156512  172
 158583  618
 2341  91
 2232  28
 1913  64
 2503  528
 157972  58
 158074  49
 1231  178
 1554  259
 158133  48
 156674  46
 157252  581
 1984  380
 157963  531
 1461  510
 156702  125
 1492  104
 158971  526
 157564  414
 1112  67
 157803  209
 1434  218
 156573  898
 1792  213
 1324  56
 156971  300
 158872  79
 3153  282
 156481  37
 158511  78
 157484  118
 1261  757
 1462  434
 156792  419
 158523  597
 156623  109
 514  88
 1321  92
 2312  211
 158123  740
 157862  277
 157421  66
 156611  317
 158643  370
 1732  146
 593  189
 157362  404
 874  883
 1044  53
 156672  198
 158403  589
 2444  385
 1701  62
 302  98
 158101  279
 156263  259
 157802  221
 1322  395
 2502  64
 281  964
 414  428
 2233  359
 158213  77
 343  481
 254  165
 273  381
 221  88
 157474  72
 2484  115
 156731  142
 2344  257
 591  189
 158361  89
 2494  281
 1963  92
 157644  809
 157823  573
 1424  102
 157861  151
 1912  218
 156804  111
 157072  57
 156832  74
 156272  41
 157452  317
 157334  312
 157152  157
 157681  435
 156292  369
 156662  90
 161  940
 1012  51
 157321  128
 1933  87
 451  133
 32  104
 157702  400
 156223  193
 1672  409
 157512  84
 157981  670
 471  419
 157604  185
 421  717
 157174  91
 142  504
 1062  260
 1142  121
 644  80
 158084  66
 158401  423
 156552  1388
 157851  112
 156764  500
 172  68
 442  105
 156741  156
 158741  719
 158944  564
 157051  108
 156754  116
 1272  110
 502  96
 3142  484
 156934  734
 156433  153
 157591  186
 1741  518
 1872  696
 156384  68
 157734  103
 2013  1811
 156653  112
 156802  95
 1454  484
 2053  766
 156172  469
 1064  507
 157754  76
 158331  227
 301  291
 42  77
 1932  263
 158073  45
 157814  331
 1901  38
 157683  59
 156794  58
 157613  80
 1422  66
 901  501
 157902  46
 158141  209
 157612  27
 156543  236
 158781  331
 1774  251
 156762  256
 232  68
 158494  118
 673  1365
 1703  218
 261  780
 156632  29
 132  53
 158542  477
 156671  53
 1522  180
 2453  199
 243  301
 158131  93
 158842  30
 156202  1673
 158304  223
 157682  264
 156873  289
 772  96
 158771  152
 543  789
 156253  716
 156944  435
 158432  114
 158831  557
 2203  98
 157392  55
 156283  1499
 158822  68
 2463  365
 157031  97
 156321  88
 158692  736
 158572  1439
 158151  1192
 1383  563
 944  106
 783  157
 1164  322
 424  263
 158262  653
 354  857
 158722  512
 158553  1065
 712  456
 1694  823
 351  86
 158623  250
 571  1302
 158121  424
 2451  139
 156432  24
 158341  121
 156161  84
 158624  179
 1892  154
 1124  504
 158443  671
 158843  580
 3  703
 1312  72
 2151  971
 722  440
 2073  385
 401  849
 156824  90
 157473  138
 2063  489
 156284  714
 834  871
 1851  67
 158851  845
 156233  103
 158291  1718
 156241  1669
 156451  590
 443  149
 212  262
 743  437
 158083  107
 156751  177
 157123  46
 156324  260
 1761  113
 158363  116
 1903  52
 183  377
 3134  328
 2374  70
 157892  625
 2384  301
 157962  134
 157104  432
 156991  840
 3164  90
 156403  1251
 2403  91
 842  509
 156434  270
 156901  576
 157303  502
 158784  1027
 771  360
 2273  77
 793  533
 156831  171
 2261  247
 157151  662
 157694  73
 156811  633
 631  419
 156564  338
 156793  254
 1904  107
 157463  452
 156204  1099
 156274  118
 156844  83
 158421  699
 1403  660
 643  75
 158522  527
 503  148
 158052  168
 279424  523
 156471  491
 157424  423
 531  313
 1213  621
 156542  860
 156524  177
 158024  112
 158521  724
 633  393
 2383  300
 157932  51
 156193  318
 2072  217
 158431  77
 158441  142
 157351  417
 158054  59
 156181  114
 293  74
 158383  66
 158772  129
 674  289
 2264  265
 157372  639
 156531  103
 158773  34
 156601  316
 723  325
 157583  109
 1873  39
 157924  61
 158731  805
 463  245
 157904  35
 156973  67
 1201  92
 1144  80
 157343  549
 156411  651
 1721  122
 651  495
 1413  450
 251  1056
 893  393
 158754  63
 157801  78
 156222  714
 2033  39
 762  81
 2533  161
 262  406
 156394  686
 158001  247
 2132  35
 1183  72
 1222  234
 158674  877
 672  129
 156211  340
 158593  263
 157831  195
 1592  168
 158113  279
 157462  247
 604  49
 2011  784
 156572  1415
 156654  402
 1364  489
 156153  170
 157792  112
 158322  158
 158011  697
 156231  117
 2441  431
 158652  154
 157133  96
 156334  666
 157033  329
 792  294
 244  25
 724  426
 156522  147
 158702  563
 158711  167
 158013  588
 53  112
 157493  35
 2064  553
 158413  56
 854  310
 156301  682
 157262  402
 2002  147
 361  432
 2332  44
 156443  316
 158863  408
 156664  103
 158321  263
 1662  174
 791  38
 2371  45
 1042  414
 763  72
 453  166
 158713  814
 157662  276
 157442  326
 2353  175
 1681  683
 158093  220
 2351  98
 157354  439
 157871  104
 158852  1350
 753  91
 157674  690
 157703  430
 203  50
 158952  114
 1821  74
 158252  69
 953  99
 1284  77
 158162  192
 157573  474
 541  876
 157181  229
 2461  132
 156692  505
 158153  78
 158571  270
 156553  60
 1954  348
 157552  211
 157722  101
 742  411
 2283  108
 156743  70
 1294  90
 1053  32
 157781  717
 156412  868
 2174  49
 2432  75
 158222  113
 157171  85
 156221  393
 71  226
 333  377
 157382  531
 452  61
 1541  671
 1723  126
 158811  712
 158703  487
 2152  734
 2254  76
 158204  47
 1374  117
 157874  88
 158721  682
 1431  77
 157592  48
 353  583
 1923  536
 1653  411
 157601  173
 156423  360
 993  77
 158953  146
 2561  253
 2042  632
 921  313
 157433  133
 156763  229
 156634  86
 1234  404
 2111  260
 283  194
 156404  79
 72  44
 1683  509
 1114  121
 157494  95
 156963  262
 157944  578
 1974  66
 2274  80
 2041  118
 3132  99
 693  129
 574  1160
 158701  531
 1153  248
 1491  89
 156282  839
 22  500
 2442  371
 158483  27
 158463  471
 156853  768
 157441  525
 2262  82
 156953  170
 2121  80
 158193  115
 2391  169
 911  106
 2422  1898
 158563  1157
 156551  808
 158671  620
 54  42
 2471  147
 158752  128
 158231  70
 2302  378
 156304  239
 157261  312
 1772  198
 156561  3131
 1634  591
 1203  153
 1373  70
 158051  267
 1392  154
 981  48
 632  443
 157244  97
 441  224
 1043  102
 157232  104
 2454  79
 158961  125
 158082  51
 433  283
 156724  341
 532  105
 158762  90
 156392  293
 1184  45
 158824  474
 157113  189
 1441  433
 1372  284
 1693  749
 158333  163
 157331  143
 894  946
 1783  189
 156502  577
 391  61
 1922  467
 157434  57
 156703  101
 158611  56
 912  540
 157913  608
 2082  96
 331  171
 524  50
 2221  128
 661  186
 2184  123
 157991  64
 1791  689
 156313  74
 402  525
 158124  73
 81  33
 157241  511
 624  985
 233  131
 2071  49
 1101  473
 156931  187
 841  799
 158633  58
 1052  119
 1073  131
 941  44
 1993  129
 158712  36
 373  449
 157091  136
 158632  672
 158923  47
 156722  275
 158492  70
 252  337
 158332  207
 2022  60
 158173  279
 392  399
 654  553
 158473  475
 156924  284
 533  146
 422  322
 158922  767
 156913  51
 1293  114
 157034  89
 154  294
 2372  93
 554  241
 1274  77
 158833  128
 158102  437
 158813  640
 2563  32
 156444  334
 1523  38
 641  216
 157301  402
 1471  633
 731  387
 156424  843
 157782  410
 157723  27
 2234  99
 156494  49
 158211  155
 1171  385
 2382  56
 157571  54
 157464  74
 156834  298
 1141  59
 158232  57
 158444  134
 156414  23
 1363  385
 2154  629
 1341  318
 156753  111
 157202  1340
 158214  130
 2532  229
 156612  181
 2012  494
 213  749
 1291  293
 2251  111
 158682  473
 2171  275
 92  322
 1453  432
 324  1805
 156882  350
 156192  1587
 158943  664
 181  462
 2323  285
 156224  219
 157271  186
 157012  104
 1824  93
 1941  225
 157492  226
 157833  50
 2103  992
 158164  209
 158374  321
 157632  199
 2043  568
 2443  77
 157314  29
 1654  386
 371  608
 1983  216
 158451  230
 158651  634
 1173  530
 158171  117
 157004  113
 2081  272
 3131  484
 1951  201
 156631  450
 158751  62
 156584  600
 156923  410
 1282  76
 1561  268
 156721  183
 158272  218
 884  98
 156243  214
 143  622
 3152  767
 2521  511
 156981  229
 156591  528
 157131  160
 2542  230
 157402  257
 156733  116
 157883  249
 156772  264
 158582  50
 158734  339
 158653  405
 157651  304
 157222  139
 1083  32
 158251  107
 158224  43
 2113  824
 158112  273
 694  126
 156422  19
 1843  103
 156774  161
 2331  96
 156343  57
 158461  428
 279421  937
 157013  101
 157141  481
 157471  65
 623  1089
 156992  193
 1972  61
 1793  1392
 1463  613
 202  474
 158533  80
 158161  312
 157483  290
 93  623
 157891  441
 1781  36
 157511  109
 157842  105
 1484  110
 523  215
 157692  101
 153  97
 2192  264
 2122  150
 157922  42
 157491  387
 522  52
 82  108
 3151  89
 1891  130
 156354  90
 157631  83
 156164  38
 158642  268
 2054  616
 156281  318
 31  116
 721  531
 11  108
 1443  857
 1914  492
 156684  144
 1493  175
 158832  122
 2434  446
 2062  956
 157052  82
 158673  730
 1224  505
 1331  142
 902  737
 4  430
 156651  65
 156244  133
 158433  615
 2524  78
 156742  116
 1472  841
 158862  601
 157653  187
 2311  136
 2134  31
 1894  352
 1641  36
 156581  471
 156942  47
 2034  48
 2143  40
 157283  183
 2014  234
 2412  231
 801  103
 158042  43
 158094  47
 157503  605
 594  195
 157684  42
 2493  635
 794  654
 157311  53
 2294  33
 1853  123
 279412  572
 156594  213
 158733  490
 1563  400
 158004  512
 3154  574
 222  121
 1652  447
 752  73
 157544  220
 158372  426
 157011  213
 157164  80
 157161  655
 156921  574
 156212  506
 544  707
 158803  396
 156442  288
 156183  64
 157183  165
 158462  150
 157172  146
 292  143
 2541  650
 156171  255
 157671  471
 157024  71
 158033  1171
 3011  68
 492  241
 1661  740
 1334  55
 158581  103
 158504  67
 374  56
 2213  243
 158783  614
 156431  23
 123  816
 992  100
 133  109
 1623  121
 3012  112
 481  2365
 2303  434
 158012  499
 1221  203
 157661  820
 1194  381
 2362  559
 158014  365
 156872  275
 761  46
 883  334
 1204  136
 157044  225
 2141  70
 2094  70
 158742  765
 158613  243
 713  118
 1414  547
 157333  677
 1833  126
 158323  482
 158574  184
 962  102
 156262  520
 157312  51
 1163  36
 158474  826
 1613  718
 1452  1058
 2474  583
 1121  136
 156621  171
 158732  703
 158242  377
 158144  28
 513  87
 158972  529
 1572  84
 1782  58
 152  539
 157002  364
 157204  684
 1451  489
 831  462
 1713  272
 157853  236
 1601  59
 156644  92
 158603  57
 2182  53
 157664  136
 156622  77
 2491  303
 156734  369
 1863  59
 157531  479
 157341  172
 157144  21
 156852  400
 2231  281
 2201  115
 1412  290
 462  75
 2253  189
 158264  287
 612  625
 313  73
 157532  694
 158111  123
 156293  40
 157663  296
 3171  604
 156361  170
 963  132
 157542  80
 157142  21
 2104  469
 2343  225
 158081  96
 954  118
 1513  196
 12  222
 2333  56
 1911  162
 158562  127
 157501  76
 491  50
 384  607
 2551  66
 158244  1192
 157282  136
 873  94
 158874  679
 156372  503
 156312  237
 157923  75
 156823  403
 158373  238
 1751  107
 158482  78
 156592  355
 1883  403
 157134  37
 1924  147
 493  326
 74  767
 314  82
 156474  559
 1473  459
 158142  68
 158402  74
 158641  317
 1103  260
 903  169
 3022  174
 2284  262
 158534  68
 2181  59
 158854  934
 157533  426
 2252  96
 157173  98
 157523  113
 2393  55
 156862  345
 157914  337
 1612  61
 223  47
 1862  134
 156184  91
 158371  445
 156363  185
 158254  100
 821  256
 157393  75
 974  1274
 157263  845
 157771  1557
 158293  638
 156843  99
 2003  431
 157102  356
 1303  101
 156911  35
 158234  115
 157092  179
 584  985
 158753  90
 1832  73
 1982  102
 784  380
 664  390
 157291  183
 1674  229
 157701  50
 158043  434
 157732  88
 1714  106
 157401  101
 581  1131
 803  861
 157154  368
 158194  196
 158311  217
 1212  445
 157751  408
 2282  220
 157514  319
 1763  747
 156602  360
 158584  453
 156932  555
 2164  551
 158243  959
 158292  719
 156342  59
 157843  76
 253  916
 1152  272
 802  158
 573  120
 158924  187
 156993  637
 156473  615
 1771  618
 52  60
 1671  652
 158183  332
 1382  66
 971  483
 1582  166
 158003  508
 1571  234
 157504  546
 156234  63
 158791  81
 1023  64
 158864  245
 156752  102
 156523  251
 1143  63
 158974  1342
 1041  726
 812  683
 494  34
 2102  796
 2214  320
 158871  322
 157984  276
 2061  691
 156504  74
 156903  489
 1691  510
 156191  397
 1673  211
 156822  60
 942  52
 23  294
 157082  459
 2124  38
 312  80
 157951  765
 1861  65
 156382  54
 158691  129
 163  294
 158602  72
 157742  91
 2  688
 603  381
 158621  162
 157332  669
 1233  58
 2222  626
 1344  73
 156541  858
 804  40
 156151  521
 931  196
 3024  279
 34  225
 157101  627
 1551  160
 157342  351
 157423  496
 1743  128
 94  652
 583  1358
 158201  194
 1391  106
 683  106
 2392  176
 158844  52
 2084  509
 51  27
 692  114
 1342  174
 157841  84
 156374  119
 158744  717
 157602  108
 1182  84
 157964  247
 157574  420
 2161  287
 157293  666
 156203  1357
 156914  39
 157371  858
 2424  985
 2373  72
 157071  71
 158963  404
 1594  376
 157184  539
 1574  60
 156271  66
 157522  316
 1753  274
 157844  78
 1994  166
 174  251
 157562  42
 2031  39
 156252  597
 157391  269
 1384  355
 263  342
 156492  412
 158394  116
 156182  94
 2004  52
 2301  362
 156883  41
 156814  461
 158202  120
 156972  773
 156291  744
 157124  234
 1971  95
 157383  127
 101  209
 158614  660
 157611  179
 158324  31
 156232  72
 3172  627
 156264  281
 157361  252
 1004  712
 158873  139
 614  881
 156201  147
 282  275
 157654  449
 157953  1448
 2144  72
 3161  71
 1134  705
 1731  113
 157363  465
 156704  132
 933  70
 1332  248
 1102  95
 1003  121
 157224  106
 158071  51
 157593  209
 156152  127
 734  847
 732  578
 214  1449
 157691  750
 157234  130
 158221  63
 158814  640
 1803  490
 191  439
 157253  254
 973  565
 157524  285
 1611  76
 158253  93
 158834  186
 1242  457
 157324  481
 156874  371
 157623  95
 2313  292
 431  234
 341  846
 952  125
 852  612
 157093  126
 652  86
 156891  46
 158594  117
 156681  85
 1401  683
 813  378
 1474  741
 157373  327
 156214  141
 552  455
 134  86
 157453  173
 157274  328
 156302  1919
 194  336
 273  381
 231  54
 54  42
 104  207
 263  342
 21  503
 184  357
 291  542
 2  688
 241  1422
 31  116
 82  108
 111  516
 3  703
 272  1120
 284  112
 253  916
 74  767
 223  47
 202  474
 124  748
 131  66
 102  64
 44  51
 183  377
 83  137
 122  726
 23  294
 224  70
 24  75
 62  193
 264  809
 312  80
 94  652
 294  115
 72  44
 151  194
 283  194
 11  108
 14  30
 41  156
 114  432
 251  1056
 214  1449
 174  251
 113  488
 222  121
 51  27
 91  622
 143  622
 313  73
 101  209
 261  780
 244  25
 293  74
 192  37
 173  3184
 324  1805
 221  88
 203  50
 1  774
 133  109
 161  940
 34  225
 292  143
 204  319
 302  98
 63  344
 53  112
 142  504
 201  444
 33  160
 314  82
 43  45
 242  351
 281  964
 303  86
 144  580
 211  78
 61  405
 12  222
 304  224
 93  623
 153  97
 252  337
 64  74
 243  301
 42  77
 212  262
 191  439
 123  816
 22  500
 322  94
 254  165
 134  86
 92  322
 32  104
 311  247
 331  12
 152  539
 13  20
 52  60
 181  462
 301  291
 4  430
 121  125
 232  68
 172  68
 282  275
 234  59
 271  532
 162  187
 164  88
 182  57
 321  218
 103  192
 163  294
 84  70
 262  406
 323  289
 233  131
 81  33
 154  294
 193  726
 213  749
 171  64
 112  507
 132  53
 73  128
 141  567
 274  510
 71  226
